1111111111111111111111111111111111111111             1111111111111111111111111111111111111111111
1                              11                       11                                     1
1                              11                       11                                     1
1                              11                       11                                     1
11111               1111111111111                       11                          111111111111
11121               1111111112111  11111111111111111111    1111111111               211111111111
1  2       11111111          2     11211111111111111121    1112111111               2          1
1  2       21111111          2       2               2        211        11111113111111        1
1  2       2                 2       2               2        211        12111111111111        1
1111111111111            11111111111111             1111111111111         2                    1
1111111121111            12111111111111             1111121111111         2                    1
1       2                 2    11                        2                2                    1
1       2                 2    11                        2                2                    1
111111111111              2    11           1111111111111111111111111111111111111111111111111111
111111111111              2    11           1121111111111111111111111111111121111111121111111111
1                         2    11             2                11           2   11   2         1
1                         2    11             2                11           2   11   2         1
11111111111111111111111111111111111111111111111111111111111111111           2   11   2         1
111111111111111111111111111111111111111111111111111111111111111111111111111111111111111111111111
111111111111111111111111111111111111111111111111111111111111111111111111111111111111111111111111
