111111111111111111111111111111111111111111111111111111111111111111111111111111111111111111111111
1              11              11                              11                              1
1              11              11                              11                              1
1              11              11                              11                              1
1111111111111  111111111111111111     11111111111              111111111111111111111111111131111
1111121111111  111111111111121111     11111121111              111111112111111111111111111111111
1    2         11           2               2                  11      2                       1
1    2         11           2               2      11111111111111      2                       1
1    2         11           2               2      11112111111111      2                       1
1111111111111  11  111111111111111111111    2          2             11111111111111111111111   1
1111211111111      112111111111111111111    2          2             11111111111111111111121   1
1   2                2         11           2          2                                  2    1
1   2                2         11           2          2                                  2    1
111111111111111111111111       11     1111111111111111111111111111111111111111111111111111111111
112111111111111112111111              1111111111121111111111111111111111111111111211111111111111
1 2              2                               2             11                2             1
1 2              2                               2             11                2             1
1 2              2                               2             11                2             1
111111111111111111111111111111111111111111111111111111111111111111111111111111111111111111111111
111111111111111111111111111111111111111111111111111111111111111111111111111111111111111111111111
